00000000000000000000000000000000000000000000000000000000000000000000000000000000
00000000000000000000000000000000000000000000000000000000000000000000000000000000
00000000000000000000000000000000000000000000000000000000000000000000000000000000
00000000000000000000000000000000000000000000000000000000000000000000000000000000
0000000000000000000000000000000000000000                                00000000
00000000000000   0000                                                   00000000
00000000000000   0000                                                   00000000
000000000        0000                                                   00000000
                                                                        00000000
                                                                             000
                            00        0000                                   000
      00^^                  00        0000                       000000000000000
000           00                      0000                       000000000000000
000           00     0000          0000000       00      00000000000000000000000
000     @     0000000000000000000000000000       00      00000000000000000000000
000000000000000000000000000000000000000000       0000000000000000000000000000000
00000000000000000000000000000000000000000000000000000000000000000000000000000000
00000000000000000000000000000000000000000000000000000000000000000000000000000000
00000000000000000000000000000000000000000000000000000000000000000000000000000000
00000000000000000000000000000000000000000000000000000000000000000000000000000000
00000000000000000000000000000000000000000000000000000000000000000000000000000000
00000000000000000000000000000000000000000000000000000000000000000000000000000000
00000000000000000000000000000000000000000000000000000000000000000000000000000000
